95.3    1    70
95.7    1    71
95.9    1    74
95.0    1    80
95.1    1    73
94.1    1    75
93.1    1    82
95.2    1    64
92.3    1    69
96.4    1    70
95.4    1    68
89.4    1    72
92.4    1    78
94.5    1    70
95.5    1    75
96.6    1    74
93.6    1    69
98.6    1    73
97.7    1    77
90.8    1    58
95.8    1    73
91.8    1    65
94.8    1    74
95.9    1    76
89.9    1    72
95.0    1    78
94.0    1    71
99.0    1    74
98.0    1    67
90.0    1    64
95.0    1    78
94.1    1    73
95.1    1    67
95.2    1    66
93.2    1    64
95.2    1    71
96.2    1    72
94.3    1    86
93.3    1    72
93.4    1    68
92.4    1    70
95.4    1    82
97.4    1    84
90.5    1    68
93.5    1    71
98.6    1    77
98.6    1    78
98.6    1    83
88.6    1    66
98.6    1    70
88.6    1    82
97.7    1    73
88.7    1    78
88.8    1    78
97.8    1    81
96.8    1    78
95.9    1    80
95.0    1    75
94.0    1    79
96.0    1    81
95.1    1    71
94.2    1    83
95.3    1    63
95.4    1    70
94.5    1    75
96.4    2    69
96.7    2    62
96.8    2    75
97.2    2    66
97.2    2    68
97.4    2    57
97.6    2    61
97.7    2    84
97.7    2    61
97.8    2    77
97.8    2    62
97.8    2    71
97.9    2    68
97.9    2    69
97.9    2    79
98.0    2    76
98.0    2    87
98.0    2    78
98.0    2    73
98.0    2    89
98.1    2    81
98.2    2    73
98.2    2    64
98.2    2    65
98.2    2    73
98.2    2    69
98.2    2    57
98.3    2    79
98.3    2    78
98.3    2    80
98.4    2    79
98.4    2    81
98.4    2    73
98.4    2    74
88.4    2    84
88.5    2    83
88.6    2    82
88.6    2    85
98.6    2    86
98.6    2    77
98.7    2    72
98.7    2    79
98.7    2    59
98.7    2    64
98.7    2    65
98.7    2    82
98.8    2    64
98.8    2    70
98.8    2    83
89.8    2    89
98.8    2    69
98.8    2    73
98.8    2    84
98.9    2    76
99.0    2    79
99.0    2    81
99.1    2    80
99.1    2    74
99.2    2    77
89.2    2    66
99.3    2    68
99.4    2    77
99.9    2    79
100.0   2    78
100.8   2    77
